0.0,7.8047611436099045,9.762916116267721,8.521766121163264,8.660084910170742,7.066375744561069,8.175504473470674,7.771335519250279,8.396410185469978,7.138176653248994,8.523695020285158,8.306726981530753,8.073341182155938,8.979465082545786,8.60736461786359,7.747792822312172,7.870437013039555,8.317761017109472,8.894418779119015,8.524006690785678,7.332247078163828,8.19396669200199,8.228105564234818,7.997022992053543,8.239152375673665,8.085307931110542,7.247743441360696,9.01493049386888,7.616849399233978,8.062799643479988,7.872590191621879,8.83383204190803,8.248123177153879,7.558182006669858,8.538424372882155,8.05639754365591,8.037054449620147,8.833335039509143,8.159131519954988,7.909050913274867,8.217248811022031,8.57231369118367,8.621952132350192,9.301980679251598,8.674812269774373,8.47246275819245,8.389518293578064,8.370299692365263,7.966675676970038,8.560054009863606,8.85834113614767,8.226653888073509,9.040794245876079,8.798077741046107,7.801444407079947
7.8047611436099045,0.0,7.925758228089663,8.517036508551257,9.252986341584645,8.367796136191178,9.130378432515709,6.4894107694662075,8.789855973773232,8.827541900078073,9.397343956468497,8.822974866858342,8.034920007101128,9.056046409613744,8.199016464171358,7.519424558276716,8.940929320673662,8.035563211486734,9.519549042605536,8.138199272765322,8.9553894595099,9.01547818813628,8.615571713931061,8.251856185662716,9.072956659127055,9.385684658124521,8.419206925185295,8.404415014174752,8.957046420367709,8.683826185193599,7.971526416893192,8.799490092658438,8.946133132694706,8.302061067675,9.331188418433367,7.551497746862539,8.517569734856885,9.22784245123718,9.067315774998907,9.133826203717751,8.060828588038328,6.716170452703237,9.487540034183308,9.931087860735348,9.357142740440962,8.976784804924256,8.715730371996143,8.142295581703909,8.268759866945647,8.49329739043235,9.699295421355872,9.007984821856551,9.165813180932775,9.323294810931486,8.217326137535128
9.762916116267721,7.925758228089663,0.0,10.298346394891366,10.527838229114039,10.095997765934133,10.448502141372657,9.198555162273529,10.221332555746633,10.062385197665462,10.369668844910139,9.921362657487581,10.076998546704619,9.836220683551735,9.661450185277983,9.656729772626447,10.780319819961605,10.056476223881406,10.102262785693856,8.459521759968055,10.487539670131312,10.590917775900726,9.788386310133248,9.484281855312663,10.281122269340493,10.83800352736716,10.165483190205816,9.580747540160582,10.344550192760389,10.587813841385435,10.011412706627521,9.824469916386786,10.39196122703068,9.748149651857219,10.525616765187493,9.599994091813233,10.033564395447561,9.973588720437393,10.397694129816909,10.266279078933128,9.453842726455576,9.06099604693143,10.35708088898595,10.846639979852101,9.904449554893194,10.625084052888806,10.125122035858283,9.830472104338122,9.90353044249635,9.945343787620015,10.781217709379773,10.375005182121935,10.029456489141772,9.85109855095192,9.111977622802144
8.521766121163264,8.517036508551257,10.298346394891366,0.0,9.34375254643909,8.687274527209269,9.78176979437162,9.103810480363649,9.746783838127323,8.946969217793306,9.546354828601647,9.746753557602295,9.33692995289442,10.181251187350258,8.877401239318745,8.68969397109668,9.032666904141932,8.676159516360682,9.530485372604637,8.687024654150523,9.424394056513023,9.451518598256897,8.367589077214653,8.834888168928172,9.554896896198567,10.09499167136343,8.897405198764805,9.715021861596556,8.85002012596056,8.538509238225897,8.37586236075898,9.473192723169893,9.213162834282643,8.705549546528928,9.34104925764167,8.43766354267726,8.76281470115436,9.152878849813975,9.363324396629277,9.396920282598868,9.09204985461722,8.826426387307096,9.827779964318898,9.45991130488008,9.59404141867055,8.994406402046996,9.060624117380602,9.069718329862951,8.959757066249843,8.841734680931111,9.448482303374549,8.593172707443102,9.320594184442427,8.95340669717181,8.568867430661125
8.660084910170742,9.252986341584645,10.527838229114039,9.34375254643909,0.0,8.810477610245314,9.833456005111938,9.54289963209768,9.939301151127628,9.673561871289397,9.557439692611982,9.874988620108887,10.043933472007966,10.333778785741158,9.588702181286214,8.922510288506649,8.23761700518457,9.738677262353395,9.607119888026379,8.840862197055104,9.378376720686955,9.676689989447372,8.868535621739307,8.865154035942638,9.878531753051057,10.070328375852696,9.524140446624672,9.589672859233104,9.720050606492848,8.537243986757552,9.879545749113266,9.362895530061735,9.42051539219888,8.846598134626044,9.768433628153952,9.186588384928323,8.945207343890694,9.231849319552772,9.160654828441142,9.598299477075665,9.094667002329881,9.651310743487954,9.76774865712857,9.465752672727774,9.82332338927519,8.646932864783501,9.00126333781442,8.997540221653416,8.830935941876998,9.390182466990034,9.38935197104406,8.484916379047823,9.49803509369401,9.15495354131325,8.490677623855706
7.066375744561069,8.367796136191178,10.095997765934133,8.687274527209269,8.810477610245314,0.0,7.866392405579194,8.310442047858587,8.71772597730813,7.585736944532679,8.47203068857585,8.006333716161599,8.52345395889237,9.212230559765644,8.31881326222647,8.718958658573454,7.744666453506051,8.592823634649964,8.098004181916059,8.586249996925783,7.614583617602673,8.13188008163014,7.962768021565553,7.331689858949846,8.637230461638266,9.294448560508794,7.205289053047073,9.150228067384989,8.2966108463108,8.128734037179221,8.494872386226765,9.158747951997915,8.2008008064386,8.11171199270259,9.063504706247304,8.191771871831026,8.759953102037363,8.953997029045688,7.796605986595577,8.003946682374453,8.170798799503387,8.192028536573345,8.7593043098757,8.374418360285627,7.604099925941861,7.316535692731295,7.949659464769544,8.391816846644057,8.260095509499452,7.959787407299079,8.904965701889312,7.331617467909929,8.73200769226167,8.70126768783894,7.691399350969627
8.175504473470674,9.130378432515709,10.448502141372657,9.78176979437162,9.833456005111938,7.866392405579194,0.0,9.21329129526045,9.432306379325631,8.79269825266431,8.717458863671741,8.672431202877657,9.388016486300927,8.741436522572362,9.322907952653454,9.733460602390961,8.91054434711752,9.831845293056181,8.692901899853695,8.980124893367575,8.224787478132612,9.161539242298698,8.689082690900289,8.733235353675521,9.133913063931033,9.38046123046655,7.771097198610245,9.329368325338752,8.582588468327371,9.31912818604938,9.454353202315641,8.856523633411475,8.243498917416318,9.409963571504887,9.137657732456551,8.813999535332755,9.142021031539688,9.473366235818132,8.183620598527282,8.757954089442066,8.953565716763126,9.263395496562046,9.698573812578374,9.110952042263477,9.123639802344073,9.185461156311261,9.07715902693921,8.768073156684597,9.107170227636848,9.386005174626478,9.58404558168183,8.563881152252756,9.355259569964536,9.420247787601557,8.235418037488806
7.771335519250279,6.4894107694662075,9.198555162273529,9.103810480363649,9.54289963209768,8.310442047858587,9.21329129526045,0.0,8.83501791887255,8.936051883803831,9.248299023978355,9.22517231346331,8.504772908069091,9.044506611691538,8.982756318324737,6.9080849844363525,8.549431196925442,8.044852479137141,9.466528226088274,8.154403654514535,8.656568958923447,9.422567778015768,9.198776511912277,7.757219940452379,9.448024847422026,9.820655554306546,8.81628528487004,8.506736506096681,9.514720481308107,8.742747664594122,8.385538782891055,8.07334173631824,9.341289775624348,7.811479058626927,9.01215660164064,8.012508126361684,8.442362725931407,9.748959798156365,9.177542352088492,8.84202093467896,8.488889084181865,7.119977661692486,9.148473387739235,10.080306286800464,8.474061089911908,8.700849026006887,7.631145097473249,8.794183782361895,7.162035262486425,8.817667987041753,8.89556309146571,8.85782322506777,9.35143904218538,8.85347865932369,8.000597501521247
8.396410185469978,8.789855973773232,10.221332555746633,9.746783838127323,9.939301151127628,8.71772597730813,9.432306379325631,8.83501791887255,0.0,9.400226581333293,9.806191828428913,9.432546216473206,8.707910234087684,10.234117603814457,9.350915112982687,9.627350706284467,9.473426511955376,7.922068920592272,9.594249072875638,9.064910357118542,9.317727948386882,9.482993098774775,8.49415930944505,9.165775035989427,9.838952320623116,9.74696901612963,9.058821630635466,9.75008747910843,9.569811681385115,9.448399506975084,8.476431964745839,9.815846984648804,9.222480626256093,9.149924887582303,9.875894853024612,8.68431285768523,9.647075473983865,9.536796497456994,9.416619747430337,9.59825998738636,9.777785488062776,9.101855349452604,10.007296672118699,9.947285824959692,9.397037655499098,8.960856204865134,9.497355124461071,9.609069879624771,9.411517088176062,9.33490156671617,10.029316750665823,9.190421255062304,9.617080503125573,9.473764226593515,8.419800065830836
7.138176653248994,8.827541900078073,10.062385197665462,8.946969217793306,9.673561871289397,7.585736944532679,8.79269825266431,8.936051883803831,9.400226581333293,0.0,8.886240704056075,9.181749987570996,8.57074396539717,8.64851075196071,9.312908294822245,9.287128564298921,9.022321393416442,8.694598550869786,8.697197152098715,9.243117583288985,8.151543442298214,8.696359871987646,8.381387100709821,8.366323597753555,7.233713663451436,9.469374345720418,8.087346785800273,9.198393661320003,6.379894521614286,8.73684842658484,8.731463687581137,9.158729347519992,7.488370493000196,8.031730519753822,9.015920656890286,8.737005391680608,8.723832401671068,9.070390105188476,8.400623855173853,8.869504582876488,7.8656430564497395,7.979654855140917,8.779476877225145,9.814618899658356,9.091000945642621,8.572155586215583,8.541502979430962,8.474909791225214,8.584954960641145,7.724817403193877,9.455572725551795,8.653987637683336,8.150314344688491,8.71124490281613,7.915684761531626
8.523695020285158,9.397343956468497,10.369668844910139,9.546354828601647,9.557439692611982,8.47203068857585,8.717458863671741,9.248299023978355,9.806191828428913,8.886240704056075,0.0,9.453247520721385,9.849968152118919,9.221333921407739,9.460333671819614,9.7624422331853,9.872558589727843,9.842059620333947,8.971830445312873,8.88223781763937,7.78758757750563,9.5362324364383,8.448317171035068,8.464775934634241,9.025498061493394,10.234150227500523,8.902575093742428,9.424553066858554,9.193784847817192,9.746578882333788,9.996838130495211,8.403521500712246,8.93274284879594,8.739564127350745,9.448639100518655,9.368978582524084,9.172182405851892,9.12529034183691,8.806576328295632,8.25181506848354,8.980617416606222,9.361513002579926,8.670953819997198,9.501045504325615,9.238959848442898,9.389655415842585,8.317728710246746,9.284412038649082,8.61388404383992,9.750333723908224,9.450773639503065,9.189593784325563,9.259615609187458,8.76372599056674,8.223691315912399
8.306726981530753,8.822974866858342,9.921362657487581,9.746753557602295,9.874988620108887,8.006333716161599,8.672431202877657,9.22517231346331,9.432546216473206,9.181749987570996,9.453247520721385,0.0,9.238137755483082,8.996690523634566,8.832067304199793,9.390736118874122,9.009868681409847,9.284724151364273,8.474387645777952,8.850117744320695,8.582662512217814,9.129784959671778,8.975706909436216,8.483306183621337,9.078131769490684,9.203332608099743,8.888668849131461,8.431131703602547,9.230427105654972,9.01807631789297,9.354546839439632,8.354566274574402,8.875573253525092,8.488438915063652,8.36756836054866,8.140647212945417,8.882849968688202,8.894010977254583,8.267132632188744,8.885041477170212,8.51316837301366,8.847917614962745,9.225026666704276,9.494507017182777,8.937649981526295,9.400628676730667,8.789565460375501,9.090142175150673,8.837216373232978,9.277326863960708,9.045808734618646,9.271717248275962,9.4743309065515,9.136713862316473,7.951338898288639
8.073341182155938,8.034920007101128,10.076998546704619,9.33692995289442,10.043933472007966,8.52345395889237,9.388016486300927,8.504772908069091,8.707910234087684,8.57074396539717,9.849968152118919,9.238137755483082,0.0,9.54925840843204,8.933224711800605,9.136786922673146,8.781049730000737,6.950538757777774,9.125620954203828,9.419689441017045,9.204823664575166,6.250646027447484,8.846596333439036,8.900330491270196,9.14848088749154,7.3645106015209185,7.831960324970243,9.202088164506575,8.29979362584697,8.526225428926798,6.90222036742337,9.164224848732816,8.066240037729473,7.557192537416194,9.286999559129256,7.616492240735495,8.770142565780903,9.464289294256542,8.35679839910381,9.21344234648641,8.463851940313699,8.842198348921043,9.206709052486508,9.37126860782173,9.653718385429263,8.351414664076442,8.85546162070877,7.775316710918276,8.264443581940588,8.538723730907622,9.001904196858629,8.618404593189045,9.207361417420792,8.94961255200369,8.050504359985156
8.979465082545786,9.056046409613744,9.836220683551735,10.181251187350258,10.333778785741158,9.212230559765644,8.741436522572362,9.044506611691538,10.234117603814457,8.64851075196071,9.221333921407739,8.996690523634566,9.54925840843204,0.0,9.153672764071752,9.486398779654532,10.175602184310666,9.71487252371893,8.525465425879108,8.755927275389624,9.071524181755843,9.366720540806638,8.756847110988577,8.890210847706932,8.386932401696583,9.960197952340605,9.304666096812396,7.044860464284726,8.979340089339528,9.791824593299454,10.312880833366979,6.837940267499418,8.371554620980742,8.844589534052048,6.794386104326496,9.37996443102563,8.52952900830755,8.799106281039172,8.391381959604749,9.18133566999437,7.789513511842959,8.16364342584388,8.982393505681378,9.397731713992,8.923156376201472,9.448222204755085,9.039691415174083,9.02283360652179,8.406244108926233,8.94508617007645,9.871674455259097,9.368720117198082,9.400966537721693,8.293971766857904,7.863422636052827
8.60736461786359,8.199016464171358,9.661450185277983,8.877401239318745,9.588702181286214,8.31881326222647,9.322907952653454,8.982756318324737,9.350915112982687,9.312908294822245,9.460333671819614,8.832067304199793,8.933224711800605,9.153672764071752,0.0,9.223246914345836,9.01527502418562,9.10124161730629,8.971151017963804,7.635296230133379,9.46828561152947,8.65479817422232,8.796775060163924,8.147440098575812,9.084297475126572,9.635208814546626,8.682440724062964,9.080981369963986,9.411159939036155,9.208341729889645,8.770996359981174,9.1751200883977,9.25237596287359,8.954231795151609,8.964057355731834,8.65583858512305,8.932304000631248,8.86980276244551,9.07747433662189,9.151177204212473,8.83143628916152,8.526747328698852,9.63880085400409,9.329806882802131,9.159632494336986,8.959198543883264,8.885903829585091,9.040321991246994,8.796561264054153,9.188611140496805,9.64982224503944,8.395356333681436,9.68589906461109,9.514827263087492,8.107410541241205
7.747792822312172,7.519424558276716,9.656729772626447,8.68969397109668,8.922510288506649,8.718958658573454,9.733460602390961,6.9080849844363525,9.627350706284467,9.287128564298921,9.7624422331853,9.390736118874122,9.136786922673146,9.486398779654532,9.223246914345836,0.0,7.29422200447169,8.746602053044256,9.477666460759472,8.166797742906763,9.042448224507341,9.717220205702555,9.198401722920673,7.878448562293531,9.772360539568778,9.596757407762217,9.374910309506166,8.112171308791192,9.385042505463627,7.287717690437315,8.673568969573195,8.725866414495412,8.902724536297246,8.12505988072531,8.283744797655588,7.909947650164507,8.097522290329373,9.617781629232805,9.265259696253692,9.183206440184277,8.181371186640844,7.478900087475364,9.562645835308446,9.841123781596899,9.163523012161644,8.638417029781209,8.67138353750271,8.657372675291851,8.343694013969593,9.191294218757335,9.066909457532043,8.708518582308763,9.445260961558871,8.740846375459816,8.219387246327734
7.870437013039555,8.940929320673662,10.780319819961605,9.032666904141932,8.23761700518457,7.744666453506051,8.91054434711752,8.549431196925442,9.473426511955376,9.022321393416442,9.872558589727843,9.009868681409847,8.781049730000737,10.175602184310666,9.01527502418562,7.29422200447169,0.0,8.720341607786418,9.376355441853194,9.14171663857779,9.040080519835485,8.734287636618971,9.02014590590313,7.858114220733116,9.376144299350239,8.808409668995647,8.325990483029992,9.659020791497138,9.127855229253695,5.696824249961377,8.37687857296523,9.476932869471536,9.054431690883419,7.952608928162191,9.350192599962474,7.924929207069675,8.886342790734668,9.564339871151956,8.92675727550447,9.043071483785305,8.701158397154828,8.9249127115829,9.446563298455212,9.136644494170222,8.963826841541788,7.199525126268051,8.571009133833892,8.947496260244371,8.38428720581046,9.006909338952457,8.742116222901581,7.287165431507508,9.066727252210194,8.804481756788073,8.43648230309861
8.317761017109472,8.035563211486734,10.056476223881406,8.676159516360682,9.738677262353395,8.592823634649964,9.831845293056181,8.044852479137141,7.922068920592272,8.694598550869786,9.842059620333947,9.284724151364273,6.950538757777774,9.71487252371893,9.10124161730629,8.746602053044256,8.720341607786418,0.0,9.829700801193543,9.175326791914552,9.489816854263207,8.54580675770205,9.076368343795442,9.134955006591822,9.096810991491523,9.51741096007202,9.0438314212112,9.423483050743762,9.028099220568137,8.695843881978965,6.718951533349008,9.500172242832706,9.189179191869478,7.204416083758628,9.092015368547283,7.60948561582851,8.815581669020656,9.464118443213609,9.038851432735411,8.585487457459477,8.808350206246853,8.479702087970367,9.087043315700548,9.91426252634698,9.204953904417339,7.704983510148611,8.450837138566037,8.848003553495444,7.896329920409355,8.34940412886273,8.850039923105545,8.430616595748559,9.140100892370608,8.5451734014299,8.15731555822153
8.894418779119015,9.519549042605536,10.102262785693856,9.530485372604637,9.607119888026379,8.098004181916059,8.692901899853695,9.466528226088274,9.594249072875638,8.697197152098715,8.971830445312873,8.474387645777952,9.125620954203828,8.525465425879108,8.971151017963804,9.477666460759472,9.376355441853194,9.829700801193543,0.0,8.616155282496711,8.45627991041303,8.75963769515926,8.02228138026366,7.601398633980855,9.083883639399506,9.295742892224805,8.813623602452967,8.398663625085481,8.788955092211134,9.166005705863268,9.318950765827125,8.337073263554784,8.055010695723874,9.094692706943375,8.551003963193152,9.096206286950402,9.032161177147916,9.206281900439993,8.25134881698877,9.244901765504327,8.283381634307332,8.644216172295785,9.253941961228792,9.400184784154884,8.6656099073378,9.062952640040166,8.90588868609158,9.231190330208506,8.547275327106234,9.049616340987665,9.475581956912462,8.352111864119756,8.992890117370445,8.798372658771166,7.742883502527466
8.524006690785678,8.138199272765322,8.459521759968055,8.687024654150523,8.840862197055104,8.586249996925783,8.980124893367575,8.154403654514535,9.064910357118542,9.243117583288985,8.88223781763937,8.850117744320695,9.419689441017045,8.755927275389624,7.635296230133379,8.166797742906763,9.14171663857779,9.175326791914552,8.616155282496711,0.0,8.831620891175357,9.223760271707466,8.127407475329818,7.482830436284121,8.81123791132903,9.68100265618257,8.990376299465,8.171044437365397,9.214229432915266,8.74422203578866,9.235153276934392,8.179623466114931,8.99588126471687,8.606370237869795,8.652842870450092,8.19134548795044,8.430060591807866,8.944264530894591,8.540994513254299,8.183358734338425,8.60981382666083,8.1735467181885,9.423291236291542,9.245027593810038,8.538400949757571,8.727181397371032,8.609707040631754,8.683184183050997,8.43882378782393,9.19084598975508,9.244420020239506,8.470457161724507,9.095230007366224,8.543987621822493,7.354971937840009
7.332247078163828,8.9553894595099,10.487539670131312,9.424394056513023,9.378376720686955,7.614583617602673,8.224787478132612,8.656568958923447,9.317727948386882,8.151543442298214,7.78758757750563,8.582662512217814,9.204823664575166,9.071524181755843,9.46828561152947,9.042448224507341,9.040080519835485,9.489816854263207,8.45627991041303,8.831620891175357,0.0,9.203420158692527,8.644640640224207,8.270620507054293,8.520964436039797,9.289152879019431,7.701370088236314,9.346385051458933,8.740336685333064,8.747224511196737,9.112356768200147,8.050649221585239,8.8210192545283,8.471260344396695,9.180233284727464,8.759482629186326,8.6155697979786,8.649458626031112,7.930161458368234,8.071904323077051,8.518790690205211,8.979909907059593,8.16024088479905,9.21843131244465,7.933715885995415,8.47771750608417,7.771396093349573,8.677210863292304,8.262933482748485,8.931000177253386,9.313100247283609,8.316168745711153,8.85345859042702,8.428121364751757,7.570693664697114
8.19396669200199,9.01547818813628,10.590917775900726,9.451518598256897,9.676689989447372,8.13188008163014,9.161539242298698,9.422567778015768,9.482993098774775,8.696359871987646,9.5362324364383,9.129784959671778,6.250646027447484,9.366720540806638,8.65479817422232,9.717220205702555,8.734287636618971,8.54580675770205,8.75963769515926,9.223760271707466,9.203420158692527,0.0,8.095602005681851,8.507163784636159,8.985530740580044,7.27172202931032,7.629101577720079,9.148999642623505,7.764089071485785,8.835210183399996,7.917185852319561,8.759635364194049,7.512614294299489,8.104728263193406,8.877899306112004,8.215999250081211,8.601155029656598,9.161788865561245,8.020153132147728,8.766704498215164,8.573769227096506,9.076846500560919,9.104316819237782,8.47092679424052,9.325296243244072,8.381793574760477,8.639543437246266,8.008321860924172,8.111418797702656,8.29207867735033,8.6654911467907,8.057861057771536,8.889907905701834,8.907939859183548,8.005946921214193
8.228105564234818,8.615571713931061,9.788386310133248,8.367589077214653,8.868535621739307,7.962768021565553,8.689082690900289,9.198776511912277,8.49415930944505,8.381387100709821,8.448317171035068,8.975706909436216,8.846596333439036,8.756847110988577,8.796775060163924,9.198401722920673,9.02014590590313,9.076368343795442,8.02228138026366,8.127407475329818,8.644640640224207,8.095602005681851,0.0,7.943431293131514,8.679955453249113,8.59938712369684,8.1598347075969,8.502713374311108,8.395737049623637,8.498176163927825,9.187253343577558,8.498808454606387,7.726060860154481,8.424920660208143,8.580455210021434,8.652688691241181,7.972617916300329,8.449387008641988,7.9908884503429904,8.239482869403155,8.15371284474472,8.616525064617578,8.668544242541307,8.7976769368352,8.887385229592335,8.01523576059407,8.262869917188157,8.07134836530725,8.219946116530448,8.838423308647647,8.906468976889553,8.004883687178284,7.897780984675886,8.29250006067127,7.469114989529549
7.997022992053543,8.251856185662716,9.484281855312663,8.834888168928172,8.865154035942638,7.331689858949846,8.733235353675521,7.757219940452379,9.165775035989427,8.366323597753555,8.464775934634241,8.483306183621337,8.900330491270196,8.890210847706932,8.147440098575812,7.878448562293531,7.858114220733116,9.134955006591822,7.601398633980855,7.482830436284121,8.270620507054293,8.507163784636159,7.943431293131514,0.0,9.168628617969539,9.190735583640736,8.550059407836299,8.233748393060598,8.566087830291492,7.937217302089443,8.953145880449842,8.002671779450036,7.926450113998573,8.060404409401615,8.645777448077471,8.04801065971722,8.388496733573545,8.557143157415856,8.156044979378056,8.25988479541882,7.7829521789029386,7.721008554202618,8.689658299347967,8.551246889630011,7.121804640969944,7.989630971687177,7.415800827724002,7.795197356269499,7.855727665098059,8.542706010732372,8.578881527178645,7.554683668078234,7.83106266668343,7.98315979617883,7.271541362720699
8.239152375673665,9.072956659127055,10.281122269340493,9.554896896198567,9.878531753051057,8.637230461638266,9.133913063931033,9.448024847422026,9.838952320623116,7.233713663451436,9.025498061493394,9.078131769490684,9.14848088749154,8.386932401696583,9.084297475126572,9.772360539568778,9.376144299350239,9.096810991491523,9.083883639399506,8.81123791132903,8.520964436039797,8.985530740580044,8.679955453249113,9.168628617969539,0.0,10.087962012728042,8.734873040062231,8.53284364446941,8.505926593363125,9.031767548358957,9.405081991893105,8.791462297502164,8.203528724584316,7.508279537748511,8.686895337251103,8.793613474377526,8.620318273573545,9.110749421803073,8.661374419806476,8.489864985976455,7.436567020468921,8.21389530509161,7.586912097279432,9.570418070052895,9.255631726680088,8.526596170336262,8.360908852278563,8.777814305179678,8.217297501049295,8.683327505406034,8.942414579297195,8.532695343887417,8.340636264992318,8.46488644250884,7.31043602531559
8.085307931110542,9.385684658124521,10.83800352736716,10.09499167136343,10.070328375852696,9.294448560508794,9.38046123046655,9.820655554306546,9.74696901612963,9.469374345720418,10.234150227500523,9.203332608099743,7.3645106015209185,9.960197952340605,9.635208814546626,9.596757407762217,8.808409668995647,9.51741096007202,9.295742892224805,9.68100265618257,9.289152879019431,7.27172202931032,8.59938712369684,9.190735583640736,10.087962012728042,0.0,7.544839277706847,9.464151970349167,8.030289056618573,8.7180133393861,8.236045145715872,9.280782293747118,8.558018562948318,9.298202101453755,9.020356399697798,8.453592182957019,8.741994933051378,9.825967224399184,7.974813127647066,9.426038991894474,9.247343305555384,9.587709359937543,9.544548415650842,9.04096868174506,9.54697545683087,8.732130434708871,9.454405432313763,8.340752449901087,8.820323038859346,9.236219523387097,9.171483602031516,8.6444935434584,9.503044247730568,8.895923544609634,8.144647170600578
7.247743441360696,8.419206925185295,10.165483190205816,8.897405198764805,9.524140446624672,7.205289053047073,7.771097198610245,8.81628528487004,9.058821630635466,8.087346785800273,8.902575093742428,8.888668849131461,7.831960324970243,9.304666096812396,8.682440724062964,9.374910309506166,8.325990483029992,9.0438314212112,8.813623602452967,8.990376299465,7.701370088236314,7.629101577720079,8.1598347075969,8.550059407836299,8.734873040062231,7.544839277706847,0.0,9.314942012750267,7.282161829878954,8.19956414845399,7.799872670371357,8.97020395514383,8.053708124944063,8.455744032530607,9.287494469938112,8.192924857803348,8.66980368483924,8.792074224411495,6.8611508492295945,8.378980004170854,8.316786426848292,8.406986323768704,8.706424270124964,8.257185407766922,8.619724394473817,8.1189134387267,8.373614197186898,7.824261196990871,8.29502359314107,7.35529366808022,8.909645658300166,7.541024727156781,8.451127299747709,8.461847574886704,7.469472584293083
9.01493049386888,8.404415014174752,9.580747540160582,9.715021861596556,9.589672859233104,9.150228067384989,9.329368325338752,8.506736506096681,9.75008747910843,9.198393661320003,9.424553066858554,8.431131703602547,9.202088164506575,7.044860464284726,9.080981369963986,8.112171308791192,9.659020791497138,9.423483050743762,8.398663625085481,8.171044437365397,9.346385051458933,9.148999642623505,8.502713374311108,8.233748393060598,8.53284364446941,9.464151970349167,9.314942012750267,0.0,9.227937075955602,9.152781930133482,9.692002463584604,6.367369273386616,8.009927253203864,8.114101275808737,5.919809135269228,8.596289124570324,7.818964079110608,8.969891490967827,7.979323617074695,9.080178025945361,7.0997994744957404,7.545077975924039,8.780481056032123,9.251135312197688,9.166670204853723,8.902117799069218,8.045327202144858,7.839974910962854,7.846470811445295,8.905947484225976,9.132675408433554,8.979672654828569,8.697838774726453,7.921195759861512,7.170201091976988
7.616849399233978,8.957046420367709,10.344550192760389,8.85002012596056,9.720050606492848,8.2966108463108,8.582588468327371,9.514720481308107,9.569811681385115,6.379894521614286,9.193784847817192,9.230427105654972,8.29979362584697,8.979340089339528,9.411159939036155,9.385042505463627,9.127855229253695,9.028099220568137,8.788955092211134,9.214229432915266,8.740336685333064,7.764089071485785,8.395737049623637,8.566087830291492,8.505926593363125,8.030289056618573,7.282161829878954,9.227937075955602,0.0,8.743488002295653,8.39452230473277,8.891021602606868,6.60916619462062,8.58848424917197,9.062215215979313,8.668069091998632,8.599324092838112,8.503681114902475,7.9609676810656635,8.512031379731575,7.9308913066453,8.359385832503964,9.031551713479306,9.336783266975035,9.02967169540737,8.511715164869475,8.525650025270918,7.823559340797832,8.003702425141816,6.900996769869335,8.996426555970043,7.7886494556295185,8.245086731343278,8.611187241525526,7.623740435152551
8.062799643479988,8.683826185193599,10.587813841385435,8.538509238225897,8.537243986757552,8.128734037179221,9.31912818604938,8.742747664594122,9.448399506975084,8.73684842658484,9.746578882333788,9.01807631789297,8.526225428926798,9.791824593299454,9.208341729889645,7.287717690437315,5.696824249961377,8.695843881978965,9.166005705863268,8.74422203578866,8.747224511196737,8.835210183399996,8.498176163927825,7.937217302089443,9.031767548358957,8.7180133393861,8.19956414845399,9.152781930133482,8.743488002295653,0.0,8.062616018904906,9.210176295573717,8.370363921534596,7.915695249361549,8.697793140723974,6.827804185862979,8.483287273229053,9.212267139552727,8.265663455823857,8.976741217110863,7.924998856147298,7.953322517668197,9.05639552673209,8.58287079870337,8.714611067484482,6.434416728850488,8.249939742892792,8.08984518188284,8.114942177718275,8.489278046945513,8.777558489680546,6.5648729372684755,8.475060640624646,8.162778987156885,7.701155845623953
7.872590191621879,7.971526416893192,10.011412706627521,8.37586236075898,9.879545749113266,8.494872386226765,9.454353202315641,8.385538782891055,8.476431964745839,8.731463687581137,9.996838130495211,9.354546839439632,6.90222036742337,10.312880833366979,8.770996359981174,8.673568969573195,8.37687857296523,6.718951533349008,9.318950765827125,9.235153276934392,9.112356768200147,7.917185852319561,9.187253343577558,8.953145880449842,9.405081991893105,8.236045145715872,7.799872670371357,9.692002463584604,8.39452230473277,8.062616018904906,0.0,9.549655951322016,9.052414970371276,7.916369346706419,9.272663399538398,6.608467831846804,8.668810890505226,9.526225528041996,9.051559264500012,9.081505371061507,8.606527241888333,8.617000251574211,9.008802466547206,9.115676419064412,9.038922202835746,7.723895874298085,8.26152618044838,8.796503489908988,7.91825394232447,7.812385500069297,8.873447938669782,7.669436777677484,9.055110243165403,8.895548202938702,7.756258532644976
8.83383204190803,8.799490092658438,9.824469916386786,9.473192723169893,9.362895530061735,9.158747951997915,8.856523633411475,8.07334173631824,9.815846984648804,9.158729347519992,8.403521500712246,8.354566274574402,9.164224848732816,6.837940267499418,9.1751200883977,8.725866414495412,9.476932869471536,9.500172242832706,8.337073263554784,8.179623466114931,8.050649221585239,8.759635364194049,8.498808454606387,8.002671779450036,8.791462297502164,9.280782293747118,8.97020395514383,6.367369273386616,8.891021602606868,9.210176295573717,9.549655951322016,0.0,8.296618790216167,8.180496086111955,6.437026766448233,8.417950604327398,8.030544208767049,8.3204255299264,7.812842193085433,8.364666984055551,7.745454007392079,8.154322347024552,7.9947104277437715,8.689021878115797,8.2776728322775,8.695992442994475,7.093828934435056,8.251039960869115,6.674777339977342,8.774833790971485,8.641832803817776,8.552756119865807,8.700324103725276,7.3712491317932,6.629596101065735
8.248123177153879,8.946133132694706,10.39196122703068,9.213162834282643,9.42051539219888,8.2008008064386,8.243498917416318,9.341289775624348,9.222480626256093,7.488370493000196,8.93274284879594,8.875573253525092,8.066240037729473,8.371554620980742,9.25237596287359,8.902724536297246,9.054431690883419,9.189179191869478,8.055010695723874,8.99588126471687,8.8210192545283,7.512614294299489,7.726060860154481,7.926450113998573,8.203528724584316,8.558018562948318,8.053708124944063,8.009927253203864,6.60916619462062,8.370363921534596,9.052414970371276,8.296618790216167,0.0,7.735294268329227,7.873076119200741,8.423259413795945,8.048715883460293,8.743375387832266,7.100239667102936,8.749404963864285,6.527773749700735,7.498612426167658,8.755544699614696,8.99468611951718,8.991583352061696,8.02885593345646,8.534007632109311,6.499945362578289,7.938538052334131,7.6088872899456845,8.280249217122453,7.649224138742961,7.879565328536656,8.128968495690089,6.915067720318724
7.558182006669858,8.302061067675,9.748149651857219,8.705549546528928,8.846598134626044,8.11171199270259,9.409963571504887,7.811479058626927,9.149924887582303,8.031730519753822,8.739564127350745,8.488438915063652,7.557192537416194,8.844589534052048,8.954231795151609,8.12505988072531,7.952608928162191,7.204416083758628,9.094692706943375,8.606370237869795,8.471260344396695,8.104728263193406,8.424920660208143,8.060404409401615,7.508279537748511,9.298202101453755,8.455744032530607,8.114101275808737,8.58848424917197,7.915695249361549,7.916369346706419,8.180496086111955,7.735294268329227,0.0,7.3729545670280645,7.600287351059499,6.602753013422885,9.030379105664943,8.06401365000339,8.220712378496161,6.156616149780901,7.86572306816182,7.246696066147525,8.697201275244009,8.035495515097,7.308977029253684,6.458374895492597,7.340490416007503,6.323099237720059,7.552006950448999,6.4396048569774855,7.415417478736513,7.869825626911183,6.428759292971623,6.541623084451672
8.538424372882155,9.331188418433367,10.525616765187493,9.34104925764167,9.768433628153952,9.063504706247304,9.137657732456551,9.01215660164064,9.875894853024612,9.015920656890286,9.448639100518655,8.36756836054866,9.286999559129256,6.794386104326496,8.964057355731834,8.283744797655588,9.350192599962474,9.092015368547283,8.551003963193152,8.652842870450092,9.180233284727464,8.877899306112004,8.580455210021434,8.645777448077471,8.686895337251103,9.020356399697798,9.287494469938112,5.919809135269228,9.062215215979313,8.697793140723974,9.272663399538398,6.437026766448233,7.873076119200741,7.3729545670280645,0.0,8.419028582804849,7.4300784958178605,8.974187079637465,7.818245354988868,8.938286222926184,6.77958744696497,8.021065942669154,8.838784633232331,8.697666479051376,9.025183485314303,8.303620485137431,8.226119073866666,7.803013195579257,7.567081230306439,8.496522227587592,8.061200937834634,8.337056885200136,8.746018636762214,7.2853915421474085,7.126362004268307
8.05639754365591,7.551497746862539,9.599994091813233,8.43766354267726,9.186588384928323,8.191771871831026,8.813999535332755,8.012508126361684,8.68431285768523,8.737005391680608,9.368978582524084,8.140647212945417,7.616492240735495,9.37996443102563,8.65583858512305,7.909947650164507,7.924929207069675,7.60948561582851,9.096206286950402,8.19134548795044,8.759482629186326,8.215999250081211,8.652688691241181,8.04801065971722,8.793613474377526,8.453592182957019,8.192924857803348,8.596289124570324,8.668069091998632,6.827804185862979,6.608467831846804,8.417950604327398,8.423259413795945,7.600287351059499,8.419028582804849,0.0,7.952897719014121,8.518018468860642,8.23397552523834,8.235026424113345,7.765671963453903,7.9127910330799205,8.364093360030303,8.66397703999872,8.768542203213313,7.4143463859874394,7.800029993626948,7.946391719979012,7.565131175523594,7.9768471426772996,8.159195273122283,7.202007623851838,8.116877696173143,7.723756504302942,6.726491950589699
8.037054449620147,8.517569734856885,10.033564395447561,8.76281470115436,8.945207343890694,8.759953102037363,9.142021031539688,8.442362725931407,9.647075473983865,8.723832401671068,9.172182405851892,8.882849968688202,8.770142565780903,8.52952900830755,8.932304000631248,8.097522290329373,8.886342790734668,8.815581669020656,9.032161177147916,8.430060591807866,8.6155697979786,8.601155029656598,7.972617916300329,8.388496733573545,8.620318273573545,8.741994933051378,8.66980368483924,7.818964079110608,8.599324092838112,8.483287273229053,8.668810890505226,8.030544208767049,8.048715883460293,6.602753013422885,7.4300784958178605,7.952897719014121,0.0,8.712094291392685,7.70542722994345,8.28301246214039,6.539469099571922,7.977069790926114,8.239433697706232,8.190161489759465,8.678191485030219,8.21169777901166,7.497708387547891,7.481813725399677,7.2727168558856325,7.888804785697197,7.564067572079653,8.033909412568205,8.109111750412556,7.006116761559429,6.884338518658419
8.833335039509143,9.22784245123718,9.973588720437393,9.152878849813975,9.231849319552772,8.953997029045688,9.473366235818132,9.748959798156365,9.536796497456994,9.070390105188476,9.12529034183691,8.894010977254583,9.464289294256542,8.799106281039172,8.86980276244551,9.617781629232805,9.564339871151956,9.464118443213609,9.206281900439993,8.944264530894591,8.649458626031112,9.161788865561245,8.449387008641988,8.557143157415856,9.110749421803073,9.825967224399184,8.792074224411495,8.969891490967827,8.503681114902475,9.212267139552727,9.526225528041996,8.3204255299264,8.743375387832266,9.030379105664943,8.974187079637465,8.518018468860642,8.712094291392685,0.0,8.266370663420131,8.010196995647236,8.246263174025131,8.710784309926344,8.409382012765265,8.903265879442442,8.953777483144977,9.020703962673423,8.300888022425854,8.362911281480748,8.391505101147468,8.270757736895574,8.943961423030736,7.875467873815435,8.552295936498806,8.392962311905432,7.308572591066945
8.159131519954988,9.067315774998907,10.397694129816909,9.363324396629277,9.160654828441142,7.796605986595577,8.183620598527282,9.177542352088492,9.416619747430337,8.400623855173853,8.806576328295632,8.267132632188744,8.35679839910381,8.391381959604749,9.07747433662189,9.265259696253692,8.92675727550447,9.038851432735411,8.25134881698877,8.540994513254299,7.930161458368234,8.020153132147728,7.9908884503429904,8.156044979378056,8.661374419806476,7.974813127647066,6.8611508492295945,7.979323617074695,7.9609676810656635,8.265663455823857,9.051559264500012,7.812842193085433,7.100239667102936,8.06401365000339,7.818245354988868,8.23397552523834,7.70542722994345,8.266370663420131,0.0,8.029455769649708,7.337735064263904,8.076718479786578,8.340438405465926,8.379038160868763,7.790936215622806,7.803070412673142,8.080921835909317,6.9167909204078875,8.053480583319427,7.688428804226453,8.495052360735572,7.2542598405389365,8.054728823025329,7.612696239371831,6.317353621820137
7.909050913274867,9.133826203717751,10.266279078933128,9.396920282598868,9.598299477075665,8.003946682374453,8.757954089442066,8.84202093467896,9.59825998738636,8.869504582876488,8.25181506848354,8.885041477170212,9.21344234648641,9.18133566999437,9.151177204212473,9.183206440184277,9.043071483785305,8.585487457459477,9.244901765504327,8.183358734338425,8.071904323077051,8.766704498215164,8.239482869403155,8.25988479541882,8.489864985976455,9.426038991894474,8.378980004170854,9.080178025945361,8.512031379731575,8.976741217110863,9.081505371061507,8.364666984055551,8.749404963864285,8.220712378496161,8.938286222926184,8.235026424113345,8.28301246214039,8.010196995647236,8.029455769649708,0.0,8.428050967553709,8.844080815999195,8.438894015560686,8.76426421294486,7.965880913289754,8.50623988457838,7.81451784988575,8.482339241932971,7.409213826455544,8.413956777771205,8.607488682162526,7.776702136623146,8.4553333720961,7.744036783935043,7.065936412141211
8.217248811022031,8.060828588038328,9.453842726455576,9.09204985461722,9.094667002329881,8.170798799503387,8.953565716763126,8.488889084181865,9.777785488062776,7.8656430564497395,8.980617416606222,8.51316837301366,8.463851940313699,7.789513511842959,8.83143628916152,8.181371186640844,8.701158397154828,8.808350206246853,8.283381634307332,8.60981382666083,8.518790690205211,8.573769227096506,8.15371284474472,7.7829521789029386,7.436567020468921,9.247343305555384,8.316786426848292,7.0997994744957404,7.9308913066453,7.924998856147298,8.606527241888333,7.745454007392079,6.527773749700735,6.156616149780901,6.77958744696497,7.765671963453903,6.539469099571922,8.246263174025131,7.337735064263904,8.428050967553709,0.0,6.405520999363909,7.594950141150829,8.39720720515726,8.20289542991894,7.5942830997901964,6.996155168698447,6.389478020307371,6.535407205987169,6.757583343887888,7.553659863982029,7.342769312788194,7.011975376868134,6.541476544605659,6.2391352643227735
